Date,Open,High,Low,Close,Volume,Adj Close
2010-01-25,39.97,41.57,39.12,41.22,5301000,38.05
2010-01-18,41.75,42.93,40.13,40.47,4340200,37.35
2010-01-11,44.28,44.44,41.38,41.56,4399300,38.36
2010-01-04,43.46,44.85,43.35,44.02,2939200,40.63
2009-12-28,44.07,44.14,43.37,43.46,1562400,40.11
2009-12-21,43.57,44.06,42.98,43.87,2299700,40.49
2009-12-14,43.60,43.88,42.29,42.99,5111000,39.68
2009-12-07,42.00,43.43,41.01,43.04,4462000,39.72
2009-11-30,41.06,42.50,39.80,41.89,4141200,38.66
2009-11-23,40.26,41.95,39.11,40.59,3923200,37.46
2009-11-16,40.01,41.20,39.50,39.87,3907500,36.80
2009-11-09,38.05,39.98,37.70,39.76,3340600,36.70
2009-11-02,36.40,38.01,35.76,37.55,4581900,34.66
2009-10-26,38.75,39.68,35.00,36.50,5077200,33.69
2009-10-19,39.45,40.98,38.89,39.16,4055500,36.14
2009-10-12,37.71,40.61,37.61,39.40,5869300,36.36
2009-10-05,34.32,37.76,33.94,37.49,4538600,34.60
2009-09-28,35.39,36.59,33.76,34.15,4386400,31.52
2009-09-21,36.96,37.31,34.95,35.26,3361600,32.54
2009-09-14,35.55,37.99,35.32,36.98,4737400,34.13
2009-09-07,35.27,36.77,35.20,36.18,3330300,33.39
2009-08-31,36.65,37.47,34.28,34.96,4618300,32.27
2009-08-24,36.70,38.41,35.94,36.96,4209300,34.11
2009-08-17,34.17,36.30,33.61,36.20,3618600,33.41
2009-08-10,35.07,36.39,33.73,34.77,3675900,32.09
2009-08-03,35.00,36.49,34.41,35.25,3906400,32.53
2009-07-27,34.70,35.45,32.55,35.16,6480000,32.45
2009-07-20,31.80,34.85,31.72,34.29,4623900,31.65
2009-07-13,27.66,32.08,27.45,31.71,4913600,29.27
2009-07-06,27.95,28.39,27.40,27.66,3811800,25.53
2009-06-29,28.02,29.62,27.33,27.66,3521300,25.53
2009-06-22,29.03,29.11,27.40,28.02,4612900,25.86
2009-06-15,31.22,31.38,28.33,29.03,6784400,26.79
2009-06-08,31.18,32.10,30.43,31.59,3266100,29.15
2009-06-01,30.53,32.25,30.37,31.34,4647100,28.92
2009-05-25,30.04,30.77,28.88,29.75,3938200,27.46
2009-05-18,27.50,30.96,27.27,29.93,4219700,27.62
2009-05-11,29.45,29.89,27.08,27.90,5814300,25.75
2009-05-04,27.79,30.05,27.12,29.52,7418000,27.24
2009-04-27,26.67,29.15,26.10,28.57,8477100,24.57
2009-04-20,26.72,27.20,25.15,27.13,6446500,23.33
2009-04-14,26.75,27.99,26.56,27.14,5467000,23.34
2009-04-06,26.19,27.18,24.51,26.89,3972600,23.12
2009-03-30,23.30,26.98,22.17,25.96,6066300,22.32
2009-03-23,24.64,24.93,23.44,23.79,4424200,20.46
2009-03-16,24.65,24.78,23.11,23.95,5469900,20.60
2009-03-09,20.84,25.26,20.07,24.26,7972200,20.86
2009-03-02,21.52,22.36,20.17,20.74,6647200,17.83
2009-02-23,22.19,23.22,20.53,21.96,8048800,18.88
2009-02-16,24.25,24.80,21.74,21.74,4709900,18.69
2009-02-09,25.56,26.33,23.65,24.58,4869300,21.14
2009-02-02,22.33,26.18,21.55,26.10,6192600,22.44
2009-01-26,21.80,23.90,21.70,22.72,5965300,19.54
2009-01-19,24.10,24.24,21.15,21.86,6698200,18.80
2009-01-12,25.76,25.91,22.61,23.76,5695000,20.43
2009-01-05,28.05,28.38,25.35,25.72,4740300,22.12
2008-12-29,26.77,28.10,25.93,27.90,2882100,23.99
2008-12-22,26.42,26.58,25.58,26.00,2213100,22.36
2008-12-15,25.78,26.99,24.71,26.43,7669900,22.73
2008-12-08,24.24,26.49,23.69,25.07,6895300,21.56
2008-12-01,24.86,24.95,22.07,22.61,7405500,19.44
2008-11-24,22.10,25.50,21.41,25.10,7046900,21.58
2008-11-17,25.88,26.47,20.54,21.68,12434500,18.64
2008-11-10,26.91,28.31,24.90,25.88,6537200,22.25
2008-11-03,27.05,29.44,25.00,26.08,9201100,22.43
2008-10-27,21.00,26.72,17.85,26.07,19448900,22.42
2008-10-20,25.25,25.96,20.51,22.38,10508900,19.25
2008-10-13,27.52,30.75,23.52,24.52,15003200,21.09
2008-10-06,32.30,32.75,23.43,25.55,16433300,21.97
2008-09-29,34.78,34.78,31.39,33.26,8543000,28.60
2008-09-22,35.00,35.48,34.00,34.97,5631500,30.07
2008-09-15,36.90,36.98,32.63,34.98,15153100,30.08
2008-09-08,38.92,39.00,36.96,37.81,6158100,32.51
2008-09-01,39.16,40.19,37.95,38.17,4756900,32.82
2008-08-25,39.39,39.76,38.54,39.38,3835200,33.86
2008-07-28,41.99,42.05,38.96,39.50,3943100,33.97
2008-07-21,40.92,42.60,40.73,41.81,5166700,35.95
2008-07-14,40.81,41.67,40.07,41.25,5675300,35.47
2008-07-07,42.75,42.95,40.22,40.56,5715800,34.88
2008-06-30,43.80,44.29,41.81,42.20,5187400,36.29
2008-06-23,44.99,45.75,43.79,44.12,5085100,37.94
2008-06-16,47.62,47.75,44.88,44.90,6722300,19.31
2008-06-09,47.25,48.12,46.47,47.43,5466500,20.39
2008-06-02,48.35,48.56,47.07,47.21,5056000,20.30
2008-05-26,46.58,48.40,46.54,48.19,4202600,20.72
2008-05-19,46.56,47.90,46.14,46.67,4901000,20.07
2008-05-12,44.74,46.78,44.54,46.42,4148300,19.96
2008-05-05,45.35,46.05,44.42,44.54,3700500,19.15
2008-04-28,45.14,46.06,44.94,45.46,4853200,19.55
2008-04-21,46.88,47.13,44.88,45.03,7124300,19.36
2008-04-14,43.85,46.76,43.85,46.72,5395400,20.09
2008-04-07,44.60,45.48,43.88,44.51,4683800,19.14
2008-03-31,42.83,44.99,42.03,44.43,6024000,19.10
2008-03-24,41.87,43.15,41.87,42.44,4504100,18.25
2008-03-17,40.85,43.40,40.85,41.87,8618500,18.00
2008-03-10,41.23,43.28,41.01,41.85,6405900,17.99
2008-03-03,41.40,43.00,40.85,41.64,6426200,17.90
2008-02-25,42.68,43.44,41.53,41.99,5506700,18.05
2008-02-18,43.25,44.35,41.97,42.26,6596600,18.17
2008-02-11,41.55,44.19,41.31,42.77,5941200,18.39
2008-02-04,44.42,44.58,41.60,41.97,6062200,18.05
2008-01-28,41.33,44.51,40.78,43.97,8042700,18.90
2008-01-21,45.22,45.23,39.55,42.13,17424300,18.11
2008-01-14,49.92,50.51,45.76,45.97,10489800,19.77
2008-01-07,50.97,52.87,49.22,49.92,8263600,21.46
2007-12-31,50.71,51.71,50.23,51.08,3392000,21.96
2007-12-24,50.54,51.00,50.25,50.71,1113400,21.80
2007-12-17,48.77,50.79,48.11,50.54,7767000,21.73
2007-12-10,48.50,49.94,47.90,49.12,6180100,21.12
2007-12-03,47.50,49.15,47.05,48.60,4919200,20.90
2007-11-26,46.31,47.72,44.78,47.38,5513600,20.37
2007-11-19,44.88,46.59,43.31,46.31,7854400,19.91
2007-11-12,46.17,46.76,44.81,45.08,6442500,19.38
2007-11-05,46.05,47.42,46.00,46.40,5046500,19.95
2007-10-29,49.20,49.25,45.78,46.44,7333200,19.97
2007-10-22,47.66,49.22,47.50,48.92,5482200,21.04
2007-10-15,47.62,48.60,47.40,48.28,4571400,20.76
2007-10-08,48.17,48.94,47.28,47.81,4359200,20.55
2007-10-01,48.45,48.83,47.30,47.99,4243100,20.63
2007-09-24,47.92,48.97,47.85,48.50,5414500,20.85
2007-09-17,46.49,48.50,46.20,48.02,8299300,20.65
2007-09-10,46.75,46.97,45.85,46.51,4900800,20.00
2007-09-03,48.55,48.87,46.51,46.75,5337500,20.10
2007-08-27,46.41,48.62,45.85,48.56,4845400,20.88
2007-08-20,45.13,46.94,44.83,46.35,4928500,19.93
2007-08-13,46.05,46.75,43.50,45.04,10433000,19.37
2007-08-06,45.88,47.45,44.19,45.75,8089700,19.67
2007-07-30,45.76,47.67,45.54,45.92,7083900,19.75
2007-07-23,48.95,49.14,45.12,45.87,8993200,19.72
2007-07-16,49.47,50.38,48.49,48.76,6497100,20.97
2007-07-09,49.65,50.02,47.50,49.47,6142600,21.27
2007-07-02,48.25,49.32,47.93,49.32,4689500,21.21
2007-06-25,46.83,48.69,45.81,48.62,6255200,20.90
2007-06-18,46.41,48.92,46.07,47.33,7381500,20.35
2007-06-11,43.37,46.05,43.25,46.02,11123200,19.79
2007-06-04,46.10,46.55,42.72,43.31,8089900,18.62
2007-05-28,45.44,46.60,44.51,46.22,4826500,19.88
2007-05-21,45.04,45.96,44.75,45.44,5344200,19.54
2007-05-14,43.95,45.14,43.51,45.04,5341800,19.37
2007-05-07,44.25,44.44,43.03,43.84,4665900,18.85
2007-04-30,43.85,44.30,42.95,44.11,5060800,18.97
2007-04-23,44.81,46.35,42.71,43.87,8544500,18.86
2007-04-16,44.65,45.60,43.72,44.81,7437300,19.26
2007-04-09,43.38,44.63,42.89,44.61,5186400,19.18
2007-04-02,42.10,43.48,41.82,43.38,4640000,18.65
2007-03-26,39.26,42.44,39.26,42.14,8678800,18.12
2007-03-19,38.50,40.02,38.21,39.50,6240600,16.98
2007-03-12,39.35,39.83,37.65,38.16,10341200,16.41
2007-03-05,37.64,39.42,37.21,39.35,8097900,16.92
2007-02-26,39.72,40.29,37.85,38.41,11290900,16.51
2007-02-19,38.10,40.27,37.61,39.58,7381800,17.02
2007-02-12,38.25,38.54,37.95,38.11,4533900,16.39
2007-02-05,37.63,38.81,37.47,38.50,6455000,16.55
2007-01-29,36.22,38.08,36.01,37.82,8644800,16.26
2007-01-22,36.69,36.88,35.65,35.97,7662100,15.47
2007-01-15,36.93,37.44,36.19,36.73,6201400,15.79
2007-01-08,36.63,37.37,35.64,36.78,7648400,15.81
2007-01-01,36.92,37.43,36.50,36.58,4316600,15.73
2006-12-25,36.47,37.25,36.47,36.92,1636600,15.88
2006-12-18,36.40,37.10,35.94,36.47,5421900,15.68
2006-12-11,35.68,36.49,35.33,36.28,7721100,15.60
2006-12-04,34.60,35.60,34.50,35.51,6759800,15.27
2006-11-27,35.35,35.35,34.38,34.50,8143300,14.83
2006-11-20,35.01,35.97,34.90,35.35,6480600,15.20
2006-11-13,34.85,35.44,34.68,35.24,6985800,15.15
2006-11-06,33.55,35.01,33.55,35.00,7674600,15.05
2006-10-30,34.10,34.62,33.56,33.65,7779800,14.47
2006-10-23,33.62,34.60,33.44,34.46,6557900,14.82
2006-10-16,32.85,33.58,32.46,33.42,5381800,14.37
2006-10-09,32.30,32.99,32.15,32.84,4461200,14.12
2006-10-02,31.80,32.53,31.54,32.34,5303400,13.90
2006-09-25,31.17,31.80,31.02,31.58,5581600,13.58
2006-09-18,31.35,31.59,30.64,31.17,6412200,13.40
2006-09-11,31.50,31.81,31.07,31.24,8163300,13.43
2006-09-04,32.47,32.58,31.25,31.67,4578700,13.62
2006-08-28,31.65,32.65,31.60,32.33,4650900,13.90
2006-08-21,31.70,32.08,31.17,31.83,4497100,13.69
2006-08-14,30.90,31.90,30.70,31.74,4838300,13.64
2006-08-07,30.85,31.30,30.53,30.80,5283900,13.24
2006-07-31,31.18,31.73,30.67,31.27,5798600,13.45
2006-07-24,30.85,31.92,30.65,31.33,4666400,13.47
2006-07-17,30.58,31.20,30.06,30.64,5894500,13.17
2006-07-10,31.16,31.71,30.34,30.34,4094300,13.05
2006-07-03,31.44,31.94,30.84,31.27,4415000,13.45
2006-06-26,30.64,31.48,29.87,31.39,5074600,13.50
2006-06-19,29.89,30.74,29.35,30.45,5338200,13.09
2006-06-12,30.45,30.58,29.05,29.58,5217000,12.72
2006-06-05,31.58,31.85,30.31,30.56,6806700,13.14
2006-05-29,32.44,32.62,30.91,31.58,6627600,13.58
2006-05-22,31.75,32.61,30.84,32.49,7442800,13.97
2006-05-15,33.00,33.08,31.35,31.90,8039100,13.71
2006-05-08,34.40,34.56,33.10,33.12,5586400,14.24
2006-05-02,33.57,34.74,33.56,34.37,7418500,14.78
2006-04-24,34.50,34.80,33.64,33.98,6284800,14.61
2006-04-17,32.08,34.95,31.78,34.74,7977700,14.94
2006-04-10,31.78,32.22,31.50,32.08,4301300,13.79
2006-04-03,32.28,32.62,31.73,31.82,4960400,13.68
2006-03-27,33.00,33.05,31.89,32.35,4610100,13.91
2006-03-20,31.64,33.02,31.35,32.97,6497900,14.18
2006-03-13,31.25,32.09,31.02,31.39,7211600,13.50
2006-03-06,31.42,31.58,30.53,31.41,6015000,13.51
2006-02-27,31.90,32.31,31.09,31.15,6066500,13.39
2006-02-20,31.39,31.86,31.19,31.78,6013800,13.66
2006-02-13,31.80,32.22,31.28,31.45,6798900,13.52
2006-02-06,32.49,32.60,31.77,31.86,4650900,13.70
2006-01-30,32.00,32.92,31.67,32.28,5871700,13.88
2006-01-23,30.75,32.28,30.60,32.10,7386200,13.80
2006-01-16,31.32,31.95,30.75,30.97,5808300,13.31
2006-01-09,31.70,31.92,31.05,31.32,5807000,13.46
2006-01-02,32.35,32.57,31.31,31.65,6495600,13.61
2005-12-26,32.47,32.74,32.04,32.35,1300500,13.91
2005-12-19,32.06,32.49,31.83,32.47,2915900,13.96
2005-12-12,31.73,32.22,31.15,32.22,5223800,13.85
2005-12-05,31.75,31.97,31.11,31.55,3774700,13.57
2005-11-28,31.64,32.10,31.10,31.93,4681100,13.73
2005-11-21,30.89,31.45,30.82,31.40,3702900,13.50
2005-11-14,30.42,30.98,30.25,30.66,4643800,13.18
2005-11-07,29.40,30.49,29.40,30.47,4902300,13.10
2005-10-31,29.65,30.17,29.08,29.51,7360800,12.69
2005-10-24,29.36,30.27,29.01,29.40,7292700,12.64
2005-10-17,30.70,30.79,29.36,29.39,6872500,12.64
2005-10-10,31.51,32.03,30.48,30.72,5712000,13.21
2005-10-03,31.41,32.30,31.00,31.44,6989300,13.52
2005-09-26,29.88,31.25,29.84,31.25,6456400,13.44
2005-09-19,29.55,30.33,29.17,29.55,5795000,12.70
2005-09-12,30.20,30.44,29.56,30.20,7743100,12.98
2005-09-05,29.05,30.27,29.01,30.05,4843600,12.92
2005-08-29,27.81,29.08,27.00,29.00,5665300,12.47
2005-08-22,28.79,29.27,28.08,28.08,4062000,12.07
2005-08-15,29.15,29.35,28.39,28.93,4959800,12.44
2005-08-08,28.80,29.71,28.80,29.12,4393300,12.52
2005-08-01,29.30,30.55,28.80,28.83,5625200,12.40
2005-07-25,28.73,29.55,28.48,29.30,5144400,12.60
2005-07-18,28.10,29.09,28.01,28.83,6507900,12.39
2005-07-11,27.33,28.16,27.33,28.02,5176500,12.05
2005-07-04,27.83,27.89,26.35,27.25,5747600,11.72
2005-06-27,27.39,27.91,27.16,27.85,5487800,11.97
2005-06-20,28.34,28.34,27.41,27.44,4601400,11.80
2005-06-13,28.15,28.55,27.84,28.41,6937400,12.22
2005-06-06,27.85,28.19,27.51,28.11,4445100,12.09
2005-05-30,26.88,27.92,26.78,27.58,4470500,11.86
2005-05-23,26.57,27.05,26.35,26.84,4118600,11.54
2005-05-16,25.46,26.47,25.27,26.32,6505100,11.32
2005-05-09,26.33,26.39,25.49,25.67,4926500,11.03
2005-05-02,25.25,26.36,25.15,26.25,5696800,11.29
2005-04-25,25.94,26.49,24.80,25.06,8751300,10.77
2005-04-18,25.44,26.33,25.21,26.01,9507900,11.19
2005-04-11,27.95,28.04,26.02,26.09,7913500,11.22
2005-04-04,27.41,28.30,27.25,28.06,4152000,12.06
2005-03-28,27.37,27.91,26.83,27.67,4284600,11.90
2005-03-21,27.25,27.73,27.17,27.37,4121600,11.77
2005-03-14,27.83,28.41,27.14,27.35,7906600,11.76
2005-03-07,28.89,29.25,27.91,28.05,7646400,12.06
2005-02-28,28.29,28.82,27.90,28.75,4922200,12.36
2005-02-21,28.36,28.51,27.64,28.18,5371900,12.12
2005-02-14,27.87,28.55,27.73,28.39,4945000,12.20
2005-02-07,26.80,27.88,26.80,27.80,5535900,11.95
2005-01-31,26.09,26.85,26.03,26.85,4513300,11.54
2005-01-24,25.88,26.21,25.59,25.92,6103300,11.14
2005-01-17,26.03,26.49,25.88,26.01,5092600,11.19
2005-01-10,26.38,26.49,25.56,26.03,5258800,11.19
2005-01-03,26.42,27.00,26.11,26.44,4661500,11.37
2004-12-27,26.00,26.52,26.00,26.50,1446800,11.39
2004-12-20,25.55,26.18,25.50,26.15,2908300,11.24
2004-12-13,25.90,26.10,25.44,25.49,7602000,10.96
2004-12-06,25.83,26.34,25.24,25.74,6074800,11.07
2004-11-29,25.50,26.16,25.20,25.91,6078800,11.14
2004-11-22,25.41,25.65,25.14,25.58,3540900,11.00
2004-11-15,25.11,25.64,24.77,25.44,6242900,10.94
2004-11-08,25.08,25.59,24.82,25.00,6292000,10.75
2004-11-01,24.50,25.40,24.43,25.05,5652700,10.77
2004-10-25,23.98,24.74,23.75,24.45,5830400,10.51
2004-10-18,23.68,24.66,23.57,24.58,6046500,10.57
2004-10-11,24.10,24.22,23.11,23.64,6618100,10.16
2004-10-04,24.73,24.88,23.99,24.08,6024500,10.35
2004-09-27,22.84,24.38,22.65,24.38,7118700,10.48
2004-09-20,23.28,23.49,22.75,22.91,4895000,9.85
2004-09-13,22.75,23.49,22.75,23.36,5863600,10.04
2004-09-06,22.78,22.90,22.54,22.68,3624700,9.75
2004-08-30,22.53,22.94,22.20,22.77,4746100,9.79
2004-08-23,21.98,22.60,21.85,22.52,4156400,9.68
2004-08-16,21.18,21.88,21.02,21.77,4635200,9.36
2004-08-09,21.99,22.08,21.11,21.33,5146600,9.17
2004-08-02,21.95,22.68,21.81,21.99,7897100,9.45
2004-07-26,21.56,22.34,21.26,22.14,4419400,9.52
2004-07-19,21.90,22.03,21.41,21.56,4468100,9.27
2004-07-12,21.86,22.13,21.80,22.00,5058900,9.46
2004-07-05,21.93,22.19,21.66,22.01,4396200,9.46
2004-06-28,21.81,22.39,21.68,21.92,5602200,9.42
2004-06-21,21.50,21.92,21.09,21.78,5291300,9.36
2004-06-14,21.23,21.44,20.84,21.34,5335700,9.18
2004-06-07,21.62,21.68,21.12,21.25,3636400,9.13
2004-05-31,21.00,21.42,20.83,21.34,3733100,9.18
2004-05-24,20.71,21.36,20.47,20.93,5808400,9.00
2004-05-17,20.41,21.01,20.14,20.69,5525800,8.90
2004-05-10,20.28,20.94,20.10,20.69,6552900,8.90
2004-05-03,21.29,21.50,20.42,20.68,6398700,8.89
2004-04-26,22.31,22.73,20.95,21.52,8873700,9.25
2004-04-19,21.90,22.45,21.69,22.27,5228600,9.58
2004-04-12,21.61,22.19,21.47,22.00,4949900,9.46
2004-04-05,21.66,22.02,21.42,21.61,4160100,9.29
2004-03-29,20.60,21.66,20.49,21.66,5499300,9.31
2004-03-22,20.30,20.86,20.06,20.58,7398100,8.85
2004-03-15,20.83,21.54,20.20,20.50,10807100,8.82
2004-03-08,21.78,21.99,20.21,21.01,6470900,9.03
2004-03-01,21.77,22.20,21.36,21.70,6756100,9.33
2004-02-23,20.91,21.77,20.73,21.40,7422700,9.20
2004-02-16,21.05,21.63,20.82,20.96,6926800,9.01
2004-02-09,21.55,21.94,20.86,20.98,6188500,9.02
2004-02-02,22.25,22.45,21.15,21.50,6672700,9.24
2004-01-26,22.45,22.75,22.05,22.19,5997400,9.54
2004-01-19,22.61,23.08,22.26,22.41,5017100,9.64
2004-01-12,22.25,22.93,22.17,22.61,6273100,9.72
2004-01-05,22.35,22.95,22.14,22.35,5368600,9.61
2003-12-29,21.75,22.61,21.67,22.37,1811700,9.62
2003-12-22,21.45,21.75,21.36,21.65,1242800,9.31
2003-12-15,21.20,21.81,20.82,21.58,7214400,9.28
2003-12-08,21.10,21.80,20.80,21.00,6785700,9.03
2003-12-01,20.88,21.70,20.83,21.37,8605800,9.19
2003-11-24,20.60,21.10,20.35,20.63,6759600,8.87
2003-11-17,20.81,20.97,20.07,20.63,6177200,8.87
2003-11-10,21.33,21.39,20.65,21.15,6738200,9.09
2003-11-03,19.77,21.44,19.75,21.32,9011600,9.16
2003-10-27,19.70,20.30,19.61,19.30,5420200,8.30
2003-10-20,19.76,20.23,19.17,19.47,4571700,8.37
2003-10-13,19.70,20.32,19.50,19.75,4981200,8.49
2003-10-06,19.75,19.80,18.97,19.45,6322000,8.36
2003-09-29,19.30,20.00,18.50,20.75,6772500,8.92
2003-09-22,20.53,20.56,18.76,19.30,8403300,8.30
2003-09-15,20.60,20.95,20.24,20.75,7397700,8.92
2003-09-08,21.15,21.35,20.36,20.46,4780600,8.80
2003-09-01,21.20,21.72,20.98,21.08,5076500,9.07
2003-08-25,21.34,21.67,21.02,20.88,4070300,8.98
2003-08-18,21.02,21.68,20.92,21.40,4527100,9.20
2003-08-11,19.97,21.06,19.75,20.90,5081500,8.98
2003-08-04,21.00,21.34,19.53,19.97,7157000,8.58
2003-07-28,20.38,21.31,20.20,21.14,6286000,9.09
2003-07-21,20.40,20.54,19.65,20.19,5711200,8.68
2003-07-14,19.84,20.48,19.72,20.42,6634100,8.78
2003-07-07,18.90,20.00,18.68,19.85,6675200,8.54
2003-06-30,18.90,18.92,18.10,18.83,6439200,8.10
2003-06-23,19.60,19.64,18.63,20.75,5277400,8.92
2003-06-16,19.08,20.00,18.95,19.60,7791300,8.43
2003-06-09,18.24,19.58,18.17,19.08,5974200,8.20
2003-06-02,18.55,18.75,17.90,18.17,6220800,7.81
2003-05-26,17.25,18.48,16.73,18.42,5891100,7.92
2003-05-19,18.65,18.82,17.14,17.38,6463600,7.47
2003-05-12,18.84,19.39,18.03,18.97,6726400,8.15
2003-05-05,20.44,20.58,18.07,19.00,7273400,8.17
2003-04-28,19.10,20.24,19.05,20.23,4870500,8.70
2003-04-21,19.75,20.61,19.08,19.25,5426000,8.28
2003-04-14,19.50,19.77,18.76,19.75,5957300,8.49
2003-04-07,19.50,20.12,18.55,19.22,8608800,8.26
2003-03-31,17.45,19.16,16.52,19.16,7579000,8.24
2003-03-24,18.73,19.09,16.89,17.68,8087500,7.60
2003-03-17,15.66,19.10,15.06,19.00,15649200,8.17
2003-03-10,16.16,16.43,14.12,15.40,10387800,6.62
2003-03-03,17.08,17.40,15.98,16.26,4997000,6.99
2003-02-24,16.88,17.17,16.17,16.77,6306500,7.21
2003-02-17,17.42,17.59,16.33,17.03,4759500,7.32
2003-02-10,16.58,17.33,16.17,17.30,5459500,7.44
2003-02-03,17.35,17.59,16.38,16.50,5662300,7.09
2003-01-27,16.75,17.30,15.62,17.48,9054000,7.52
2003-01-20,18.00,18.35,16.70,16.77,7342400,7.21
2003-01-13,18.45,18.93,18.06,18.00,5197800,7.74
2003-01-06,19.25,19.87,18.04,18.10,5615500,7.78
2002-12-30,17.90,19.50,17.77,19.02,2293500,8.18
2002-12-23,19.00,19.06,17.80,17.85,1296100,7.67
2002-12-16,18.65,19.40,17.52,17.30,7683000,7.44
2002-12-09,19.57,19.95,18.41,18.98,5525200,8.16
2002-12-02,19.52,20.60,19.45,19.65,7425600,8.45
2002-11-25,19.00,20.05,18.27,19.50,5347000,8.38
2002-11-18,19.14,19.19,18.30,19.04,4247200,8.19
2002-11-11,18.14,19.15,18.11,19.03,5767600,8.18
2002-11-04,18.99,19.70,18.15,18.27,6040800,7.86
2002-10-28,18.49,19.19,17.92,18.50,4923700,7.95
2002-10-21,19.08,19.52,17.83,18.12,4930700,7.79
2002-10-14,18.21,19.45,17.70,19.20,6532300,8.26
2002-10-07,16.80,18.31,16.22,18.43,7407400,7.92
2002-09-30,18.08,18.98,16.55,17.62,9186600,7.58
2002-09-23,19.23,19.68,17.27,18.39,10131000,7.91
2002-09-16,20.42,20.77,18.77,19.50,11096600,8.38
2002-09-09,20.47,20.97,19.81,20.12,5312500,8.65
2002-09-02,20.96,21.00,19.33,20.79,5954000,8.94
2002-08-26,21.23,21.23,19.82,21.10,2376600,9.07
2002-08-19,20.50,21.23,20.12,21.23,4120100,9.13
2002-08-12,21.17,21.44,20.02,20.61,4507300,8.86
2002-08-05,19.51,21.45,18.06,21.48,8018700,9.23
2002-07-29,19.40,20.80,19.06,19.58,7859000,8.42
2002-07-22,19.70,20.07,16.67,19.40,9978500,8.34
2002-07-15,21.48,21.74,19.88,19.40,7466900,8.34
2002-07-08,23.56,23.97,21.29,21.67,6237700,9.32
2002-07-01,23.40,23.88,22.68,23.60,6044700,10.15
2002-06-24,22.98,23.70,22.10,23.40,7701900,10.06
2002-06-17,22.38,23.04,22.06,24.01,9238600,10.32
2002-06-10,23.50,23.58,22.00,21.97,5666600,9.45
2002-06-03,24.75,24.77,22.93,23.15,5878800,9.95
2002-05-27,24.20,24.92,24.11,24.90,4115600,10.71
2002-05-20,24.38,24.72,23.76,24.29,4845800,10.44
2002-05-13,23.38,24.66,23.20,24.38,5982300,10.48
2002-05-06,23.00,23.65,22.24,23.38,4447400,10.05
2002-04-29,22.62,23.80,22.28,23.08,5825200,9.92
2002-04-22,23.90,24.11,22.26,22.52,5426600,9.68
2002-04-15,23.42,23.94,23.30,23.89,3611800,10.27
2002-04-08,23.43,23.77,23.00,23.52,4224400,10.11
2002-04-01,23.25,24.21,23.02,23.52,4622600,10.11
2002-03-25,23.62,23.88,22.81,23.25,3330500,10.00
2002-03-18,23.50,23.69,23.11,23.67,4323600,10.18
2002-03-11,23.65,23.74,22.78,23.41,7482600,10.07
2002-03-04,22.70,23.80,22.50,23.52,5967400,10.11
2002-02-25,21.35,22.50,20.92,22.36,5076900,9.61
2002-02-18,20.55,21.40,19.95,21.24,4160400,9.13
2002-02-11,21.50,22.06,20.52,20.52,5762900,8.82
2002-02-04,22.48,23.00,21.17,21.42,6124700,9.21
2002-01-28,22.61,22.71,21.90,22.48,4997400,9.66
2002-01-21,21.65,22.77,21.36,22.65,4887100,9.74
2002-01-14,21.33,21.74,20.81,21.70,3984200,9.33
2002-01-07,21.74,22.05,21.13,21.50,5267400,9.24
2001-12-31,20.88,21.84,20.50,21.40,3090500,9.20
2001-12-24,20.30,21.24,20.27,20.88,690500,8.98
2001-12-17,20.35,20.99,20.08,20.30,5087300,8.73
2001-12-10,21.64,21.67,20.33,20.42,4326300,8.78
2001-12-03,21.51,22.49,20.77,21.50,5541200,9.24
2001-11-26,21.45,21.92,21.01,21.28,4607800,9.15
2001-11-19,21.03,21.95,20.93,21.60,4392300,9.29
2001-11-12,20.55,21.15,19.35,20.93,6113300,9.00
2001-11-05,19.05,21.06,18.85,20.40,5416200,8.77
2001-10-29,19.47,19.67,18.31,18.85,3558800,8.11
2001-10-22,19.00,20.02,17.90,19.59,6427500,8.42
2001-10-15,20.40,20.45,18.66,19.25,3637000,8.28
2001-10-08,18.83,20.57,18.68,21.49,5183000,9.24
2001-10-01,19.12,19.27,18.18,19.58,5057600,8.42
2001-09-24,15.44,19.48,15.44,19.52,5630300,8.39
2001-09-17,18.52,19.30,14.18,15.44,10256900,6.64
2001-09-10,22.20,22.42,18.66,18.83,8425400,8.09
2001-09-03,22.73,23.62,22.15,22.46,5691500,9.66
2001-08-27,23.23,23.50,22.24,22.45,3989000,9.65
2001-08-20,22.09,23.20,22.02,23.02,4020600,9.90
2001-08-13,22.67,22.67,21.90,22.00,3916500,9.46
2001-08-06,22.75,23.19,21.49,22.44,7580600,9.65
2001-07-30,22.75,23.41,22.58,22.59,2645500,9.72
2001-07-23,23.65,23.81,22.25,22.67,4325300,9.75
2001-07-16,23.90,23.95,23.11,23.60,3608900,10.15
2001-07-09,23.10,23.65,22.75,23.65,3131700,10.17
2001-07-02,23.30,23.72,22.92,23.40,4865900,10.06
2001-06-25,21.70,23.44,21.39,23.35,4816400,10.04
2001-06-18,22.33,22.72,21.14,21.94,5880900,9.43
2001-06-11,23.30,23.51,22.54,22.83,2008800,9.81
2001-06-04,23.62,23.94,23.25,22.52,2275200,9.68
2001-05-28,24.10,24.30,23.30,23.62,2799900,10.16
2001-05-21,24.92,25.05,23.92,24.07,2867900,10.35
2001-05-14,24.27,24.95,23.51,24.91,3561300,10.71
2001-05-07,23.45,24.49,23.45,24.28,1606500,10.44
2001-04-30,24.25,24.35,22.68,23.45,3590500,10.08
2001-04-23,24.35,24.95,23.45,24.75,5686600,10.64
2001-04-16,23.70,24.85,23.48,24.55,3262600,10.56
2001-04-09,22.40,23.95,22.22,23.70,2803300,10.19
2001-04-02,22.42,22.65,21.38,22.29,4066800,9.58
2001-03-26,21.65,23.05,21.50,22.63,4530500,9.73
2001-03-19,23.15,23.42,20.85,21.48,5264900,9.23
2001-03-12,24.70,24.90,23.05,22.67,13276600,9.75
2001-03-05,24.25,25.50,24.25,24.86,5242900,10.69
2001-02-26,23.58,24.55,23.50,24.27,3602000,10.44
2001-02-19,23.50,24.31,23.23,23.25,3282300,10.00
2001-02-12,23.47,24.19,23.03,23.48,3014900,10.09
2001-02-05,23.75,24.19,23.27,23.41,2328600,10.06
2001-01-29,23.00,24.12,22.73,24.00,3395700,10.32
2001-01-22,22.25,23.12,22.18,22.86,3395800,9.83
2001-01-15,23.25,23.90,21.95,22.10,4529000,9.50
2001-01-08,24.65,24.65,22.66,23.06,3504400,9.91
2001-01-01,24.08,24.61,23.31,24.58,2560200,10.57
2000-12-27,23.30,24.32,23.25,24.08,1687800,10.36
2000-12-18,23.38,24.10,23.02,23.30,3609800,10.02
2000-12-11,23.83,24.20,22.52,23.02,5472700,9.90
2000-12-04,22.14,24.30,21.70,23.98,4884000,10.31
2000-11-27,21.75,22.50,21.60,22.06,2277400,9.48
2000-11-20,21.40,22.00,21.22,21.83,2235600,9.39
2000-11-13,21.73,22.05,21.31,21.41,1873400,9.20
2000-11-06,23.05,23.05,21.33,22.05,3897000,9.48
2000-10-30,21.55,23.31,21.55,22.96,2189200,9.87
2000-10-23,20.05,21.97,20.05,21.75,2667800,9.35
2000-10-16,20.25,20.25,20.25,20.25,000,8.71
2000-10-09,21.33,21.50,20.00,20.25,2375100,8.71
2000-10-02,19.93,22.00,19.93,21.48,3069200,9.23
2000-09-25,20.54,20.58,19.77,20.05,2225400,8.62
2000-09-18,20.75,20.75,19.25,20.32,4169200,8.74
2000-09-11,21.05,21.17,20.47,20.84,4440500,8.96
2000-09-04,21.15,22.15,20.58,20.93,3840000,9.00
2000-08-28,21.12,21.57,20.88,21.06,2933500,9.05
2000-08-21,20.85,21.45,20.70,21.08,2994600,9.06
2000-08-14,21.15,21.40,20.49,20.80,2934100,8.94
2000-08-07,22.56,22.88,20.48,20.93,6939000,9.00
2000-07-31,22.34,22.64,21.88,22.42,2123400,9.64
2000-07-24,22.02,22.75,21.91,22.22,1826900,9.55
2000-07-17,22.02,22.32,21.41,21.95,2326500,9.44
2000-07-10,21.25,22.38,21.04,21.83,2783800,9.38
2000-07-03,21.22,21.98,20.90,21.10,1988200,9.07
2000-06-26,20.00,21.33,19.91,21.16,3241600,9.10
2000-06-19,20.15,21.00,19.70,19.65,2853000,8.45
2000-06-12,22.70,22.75,20.16,18.00,7883200,7.74
2000-06-05,23.40,23.59,21.85,22.50,3290000,9.67
2000-05-29,22.70,23.50,21.10,23.03,2807600,9.90
2000-05-22,23.60,23.94,22.50,22.50,2365500,9.67
2000-05-15,24.38,24.74,23.66,23.75,2358800,10.21
2000-05-08,24.43,25.04,23.81,24.51,1617700,10.54
2000-05-01,24.05,24.88,23.44,24.42,2181500,10.50
2000-04-24,23.00,24.80,23.00,24.05,3730200,10.34
2000-04-17,23.50,24.33,22.65,23.00,3083300,9.89
2000-04-10,23.75,24.98,23.50,24.32,2876500,10.46
2000-04-03,24.75,25.41,23.54,23.75,3668600,10.21
2000-03-27,25.00,25.05,24.05,24.77,3449100,10.65
2000-03-20,24.95,25.27,23.92,24.90,5322500,10.71
2000-03-13,23.00,25.00,22.81,25.00,13750600,10.75
2000-03-06,22.90,23.35,22.17,23.10,3388600,9.93
2000-02-28,22.30,24.23,21.98,22.70,3712900,9.76
2000-02-21,23.30,24.10,22.30,22.58,2896100,9.71
2000-02-14,21.88,24.05,20.50,23.70,4483500,10.19
2000-02-07,21.40,22.73,20.61,22.07,4441000,9.49
2000-01-31,22.45,23.09,20.91,21.53,4412300,9.26
2000-01-24,24.05,24.17,21.66,22.62,3430900,9.73
2000-01-17,23.80,25.00,23.70,24.02,3028000,10.33
2000-01-10,25.55,25.62,23.45,23.75,2993500,10.21
2000-01-03,26.35,26.60,22.96,25.00,4072800,10.75
